0.958604
0.765945
0.679765
0.684825
0.672918
1.169831
0.779730
0.715854
1.089559
1.176051
1.081707
0.817456
0.774128
1.019049
0.748483
0.760767
1.198343
0.634514
0.761483
0.813314
0.691519
0.747187
1.091767
0.793362
0.572631
1.065456
0.837329
0.648706
1.398324
0.638847
1.152143
0.999483
0.773277
1.073933
0.734416
0.952236
1.037561
1.064015
1.256518
0.905922
0.764399
0.863994
0.586976
0.628416
1.227444
0.864794
0.942128
0.740288
0.566780
0.892411
0.487735
0.551732
0.683920
0.635261
0.596555
1.113166
0.719954
1.015808
1.103875
0.770839
0.502226
0.929462
1.039853
0.965028
0.477981
0.961825
0.926158
0.799026
1.122242
0.906847
0.438040
0.818080
0.562518
0.717973
0.673477
0.977408
0.694696
0.619896
1.046877
0.903664
0.875440
0.338467
0.684690
0.564550
0.927226
0.616817
0.775276
0.816552
0.911909
1.207654
1.190021
0.527140
0.693664
0.413194
0.967583
0.745189
0.970032
0.504002
1.116657
1.091842
1.035693
0.500840
1.015971
0.164604
1.121791
0.835256
0.752284
0.347209
0.929267
1.061462
0.787093
0.762396
0.732307
1.050823
0.644524
0.903809
0.774593
0.595225
0.861373
0.692487
0.391616
0.968741
0.860760
0.671580
0.632963
1.162412
1.063890
0.790525
0.540012
0.774202
0.852196
0.771032
0.582921
0.787199
0.819955
1.262463
0.915050
0.744118
1.119371
0.667407
1.036243
0.890994
1.067205
0.574096
0.792729
0.617793
1.058546
0.638183
0.884050
1.180016
0.663879
0.814978
1.095207
1.108375
0.939271
0.571993
0.483940
0.817655
1.000269
0.658750
0.747566
1.226661
0.816122
0.615985
0.951904
0.904979
0.553078
1.057246
0.900216
0.514853
1.340530
0.521372
0.839221
1.010626
0.591514
0.993956
0.858006
0.759079
0.864555
1.135079
1.303496
0.875215
0.866415
1.007339
0.988661
1.082386
0.679704
1.021486
1.300547
0.696053
0.850953
0.660097
0.573282
0.931667
0.820486
1.016058
1.113151
0.853320
1.056027
0.582903
0.743419
0.547643
0.856658
0.746445
0.431595
0.648306
1.146427
0.643960
1.203858
0.544166
1.039946
0.706215
1.102268
0.624649
1.010501
0.606939
1.199658
1.009045
0.789627
1.079464
0.686762
0.989879
1.043092
0.602932
1.362842
0.658093
0.869612
0.487850
1.111590
0.690867
1.024371
0.442805
1.061802
0.579306
1.079880
0.649253
0.782052
0.978572
0.807260
1.010366
1.449908
1.012119
0.512464
0.607924
0.903799
0.962836
0.536923
0.950716
0.712751
0.779257
0.601344
0.746202
0.790578
1.020939
0.911863
0.757535
0.852643
0.767115
0.897839
0.517073
1.019794
0.927265
0.754438
1.058157
0.844383
0.765812
0.810384
0.833726
1.403666
0.282742
0.606085
0.671838
0.888259
1.119852
0.714779
0.831972
1.134349
0.676768
0.660815
0.542856
0.869510
0.293916
0.570203
0.890820
0.690274
0.508945
0.669154
1.053558
0.905054
0.581600
0.765198
0.646294
0.774295
1.281330
1.063990
0.684823
0.942155
0.967162
1.307179
0.549118
0.430351
0.727857
0.650077
0.843901
1.085122
1.113421
0.853612
0.758046
1.127584
0.600764
1.040043
0.994224
0.666758
0.563138
1.092498
0.867561
0.944244
1.191147
0.784572
0.634219
1.189721
1.084567
0.575263
0.653773
0.633060
0.983380
0.931443
1.200990
0.475449
0.811136
0.473783
0.926740
0.629269
0.863811
0.887254
0.809278
1.074028
0.663337
0.962444
1.086567
0.469578
0.902999
0.841970
0.978783
1.034559
1.159906
1.088383
0.843270
0.808649
1.036005
0.481915
1.118549
0.686463
1.052337
0.792960
0.894251
0.611646
1.013194
0.736182
1.090866
0.733861
1.161583
0.604059
1.006646
1.075162
0.916448
0.963936
0.986104
0.747578
1.233918
0.964512
1.187438
0.933046
1.276360
0.744158
0.837996
0.704877
0.764074
1.037181
0.819596
0.704733
0.803822
0.704608
0.649385
1.082182
0.806644
0.767931
0.850055
1.118293
1.066283
0.686145
0.565983
0.564951
0.809190
0.514667
0.548793
0.874371
0.810851
0.768054
1.030875
1.039432
0.790213
0.807231
0.757753
0.805063
0.832424
1.121261
1.228806
0.827026
0.709060
0.816520
0.896889
0.926613
0.675536
1.010094
0.719216
0.999809
0.770250
0.918878
0.452978
1.013104
0.753517
0.805796
1.027086
0.706914
0.677175
0.855974
0.803327
0.865579
0.763735
0.913308
1.247033
0.660947
0.846202
1.142507
1.362652
0.792773
0.501521
1.132154
0.910189
1.177732
0.789816
0.947933
1.210742
0.548740
0.608983
1.018941
1.109209
1.005589
0.894352
0.500867
0.687907
0.890275
1.121939
0.947972
0.773098
0.658223
1.012964
0.611641
0.683971
0.657985
0.739192
1.153369
0.982988
0.860136
1.335606
1.005774
1.317260
0.477616
0.865356
0.559012
1.167187
0.252828
1.133105
0.569136
