795.973328
789.383423
781.953308
582.001404
801.712830
528.971191
683.484802
648.234009
574.521912
730.042175
628.885193
536.738281
352.667419
526.698181
486.332611
674.666748
629.321899
698.925293
594.504333
565.327576
443.181244
454.002045
408.385742
611.831421
443.075989
331.446014
469.019592
528.538086
481.662567
384.033630
587.071350
624.061157
619.406006
426.925171
521.421143
395.215179
439.066772
459.721436
564.497559
487.257507
527.949341
383.948059
383.716187
359.743835
264.248077
414.632812
321.991791
554.601440
387.973816
442.295013
358.614075
373.648285
473.502625
286.246887
204.137848
491.692017
397.032532
599.635193
324.054413
478.226501
278.750763
319.098145
367.551575
248.447311
313.563904
273.359955
317.460938
205.344391
178.818848
350.204834
179.486572
253.312241
194.482590
357.108398
286.794586
333.252991
209.119110
176.726318
229.238281
246.613525
181.676575
284.414551
201.597275
186.496704
158.600296
219.259949
97.595055
215.705536
180.971527
177.539490
117.702415
129.124939
89.777359
182.850998
126.590012
107.201157
62.189785
64.556831
147.146088
109.829010
137.028214
108.008171
134.362732
63.332684
106.157349
77.809334
68.725494
86.668045
65.142120
70.580788
40.266884
54.794464
77.777908
33.261425
52.923965
31.258444
53.013084
31.203480
13.701473
7.782295
3.317083
8.172606
7.189054
12.856440
34.146523
26.871998
35.828712
35.038795
3.499913
4.495308
6.178506
4.073264
4.725130
2.221303
2.596493
36.878208
23.776859
28.803999
0.697727
33.204056
1.971386
2.207063
31.874561
3.954075
17.220184
3.887824
6.167613
4.376776
5.477836
2.943096
18.336121
15.271830
3.092363
4.058163
5.116236
25.154287
8.888699
15.034485
3.292336
12.948195
2.534801
2.334697
12.620769
1.958892
7.974298
6.109758
7.388818
6.490496
1.932636
0.960622
1.271485
3.949424
1.108091
1.328616
0.728019
0.766574
1.676025
5.200102
0.511002
1.314057
0.835182
2.032091
2.203404
0.809976
0.334293
0.943632
0.267276
2.700243
0.487923
0.407303
0.067336
0.247788
0.068529
0.282392
0.236125
0.103174
0.519780
0.035058
0.071229
0.068257
0.046559
0.005444
0.038645
0.105309
0.078757
0.023565
0.055347
0.038439
0.029607
0.023887
0.078411
0.033538
0.020869
0.033028
0.044183
0.016941
0.037287
0.018652
0.058745
0.030329
0.029886
0.026041
0.020177
0.024420
0.038080
0.022235
0.009670
0.012200
0.035086
0.032779
0.077424
0.042622
0.019174
0.017000
0.049153
0.064489
0.002629
0.002998
0.009741
0.007357
0.018934
0.004534
0.014370
0.030015
0.008342
0.003561
0.009977
0.009834
0.007623
0.112029
0.008494
0.066168
0.007862
0.046313
0.003571
0.003330
0.012046
0.009205
0.006610
0.002232
0.011975
0.006587
0.014204
0.003069
0.077402
0.003777
0.003853
0.005748
0.004817
0.041593
0.084245
0.011872
0.040980
0.053927
0.032651
0.004005
0.007623
0.002600
0.001913
0.006423
0.004490
0.014639
0.007794
0.001926
0.026729
0.030027
0.002412
0.003435
0.004193
0.003206
0.002236
0.029994
0.002838
0.002414
0.004046
0.000967
0.001877
0.003121
0.024942
0.013831
0.064392
0.005748
0.013304
0.002900
0.002018
0.001743
0.058057
0.037937
0.002552
0.034017
0.001432
0.003183
0.005939
0.003453
0.002279
0.003973
0.002730
0.083263
0.002158
0.000495
0.009282
0.003688
0.030695
0.014218
0.033191
0.036707
0.028366
0.032570
0.004200
0.000352
0.004042
0.002170
0.004557
0.001086
0.003710
0.006802
0.002107
0.006252
0.021421
0.047463
0.032747
0.002957
0.004037
0.001928
0.007634
0.060604
0.058109
0.006613
0.019363
0.006294
0.001599
0.017639
0.049237
0.001255
0.006535
0.002482
0.003850
0.020906
0.002199
0.012060
0.002382
0.002612
0.002243
0.001074
0.051801
0.000765
0.000732
0.001965
0.001465
0.001033
0.001110
0.009050
0.002323
0.002743
0.019439
0.023323
0.000500
0.036463
0.003177
0.001077
0.006147
0.000757
0.015063
0.050665
0.003359
0.006046
0.005843
0.000619
0.000472
0.000964
0.001443
0.032100
0.007491
0.001737
0.002716
0.001807
0.001252
0.002159
0.028591
0.001648
0.001561
0.051883
0.001114
0.002414
0.001264
0.025138
0.006280
0.001666
0.001894
0.001861
0.001458
0.000499
0.001723
0.001537
0.009820
0.001038
0.002011
0.002218
0.001119
0.050365
0.001467
0.032042
0.001562
0.002552
0.047481
0.029897
0.001736
0.001440
0.003124
0.000783
0.001490
0.009176
0.002137
0.001400
0.001259
0.001700
0.001385
0.025693
0.028518
0.060710
0.001505
0.008751
0.003855
0.002748
0.032570
0.001441
0.001055
0.011401
0.031951
0.001737
0.003013
0.001048
0.001795
0.001746
0.005429
0.001912
0.001210
0.001714
0.001275
0.000495
0.080964
0.000801
0.001583
0.004882
0.003748
0.001711
0.012390
0.033892
0.036415
0.002806
0.003000
0.001714
0.001304
0.001854
0.005364
0.001192
0.001272
0.002836
0.002018
0.001336
0.001295
0.019892
0.014543
0.008593
0.000937
0.001237
0.005223
0.003606
0.001338
0.002271
0.002703
0.001941
0.003979
0.019391
0.000850
0.001128
0.032266
0.062110
0.004335
0.002112
0.002137
0.000559
0.019835
0.001972
0.001349
0.001629
0.041470
0.024909
0.001531
0.001421
0.002072
0.002485
0.001390
0.059892
0.001188
0.003281
0.065042
0.017694
0.001702
0.006778
0.001004
0.001863
0.007250
0.002056
0.002228
0.006372
0.048425
0.066456
0.002490
0.007397
0.001118
0.054681
0.001631
0.003771
0.001589
0.002363
0.001628
0.001229
0.002022
0.002009
0.006470
0.001605
0.000642
0.001019
0.013831
0.001578
0.037645
0.028990
0.001536
0.001236
0.002424
0.003061
0.033802
0.001102
0.001654
0.001508
0.002727
0.001646
0.002833
0.001221
0.001393
0.024249
0.005762
0.001255
0.001706
0.001910
0.004296
0.000554
0.002185
0.001804
0.001812
0.004400
0.013150
0.071894
0.068089
0.059058
0.081027
0.001710
0.025462
0.002053
0.049819
0.002921
0.001028
0.001422
0.043119
0.003027
0.001583
0.003990
0.041161
0.098954
0.023810
0.001342
0.000694
0.001260
0.002126
0.002175
0.016841
0.001420
0.001520
0.044389
0.020743
0.001364
0.038468
0.002707
0.001386
0.002070
0.002002
0.002224
0.006738
0.033741
0.018631
0.002368
0.029834
0.002539
0.004184
0.001808
0.001730
0.013042
0.001866
0.039122
0.005932
0.033879
0.006470
0.001762
0.001097
0.001284
0.002048
0.001541
0.029162
0.001550
0.050583
0.002091
0.003888
0.046671
0.003015
0.000792
0.001631
0.046676
0.001192
0.001988
0.002671
0.002356
0.001490
0.001342
0.013924
0.001384
0.001209
0.001102
0.002257
0.002916
0.026370
0.002022
0.002866
0.001783
0.000750
0.003553
0.001947
0.001262
0.003336
0.009566
0.001160
0.011751
0.028868
0.001088
0.002104
0.007071
0.004045
0.002538
0.001749
0.002932
0.001193
0.000757
0.001768
0.001896
0.002043
0.053840
0.001117
0.001407
0.002022
0.001890
0.002642
0.002634
0.001543
0.006118
0.002179
0.040136
0.002572
0.006084
0.001432
0.002606
0.064395
0.035888
0.000840
0.022909
0.002792
0.001099
0.001789
0.002126
0.027663
0.001373
0.002221
0.001036
0.017330
0.000976
0.001288
0.001760
0.030467
0.001730
0.001357
0.001907
0.001634
0.030247
0.001518
0.001864
0.040295
0.060614
0.002194
0.001807
0.003264
0.002217
0.002138
0.000755
0.001940
0.002144
0.014967
0.002958
0.052340
0.051584
0.001329
0.002428
0.001544
0.002080
0.000761
0.001423
0.001589
0.001083
0.002478
0.001488
0.007159
0.000881
0.002126
0.001239
0.002025
0.016671
0.011566
0.001048
0.000901
0.001785
0.033846
0.005420
0.001698
0.002089
0.001309
0.004831
0.001572
0.004206
0.012534
0.002081
0.002083
0.001732
0.066569
0.001513
0.001400
0.001748
0.002022
0.009431
0.003379
0.019292
0.001276
0.084986
0.002318
0.001462
0.001762
0.001582
0.000966
0.029588
0.001792
0.002184
0.001920
0.003671
0.037014
0.001456
0.001092
0.046442
0.000875
0.001160
0.001612
0.002315
0.001222
0.001477
0.002417
0.001545
0.041043
0.029067
0.041520
0.004529
0.000924
0.070207
0.001950
0.001213
0.001518
0.027480
0.002112
0.001482
0.043874
0.001548
0.071258
0.000899
0.001526
0.007761
0.003018
0.001997
0.067696
0.038403
0.016398
0.001034
0.001512
0.025223
0.001083
0.002202
0.029402
0.002868
0.001553
0.043176
0.002777
0.003628
0.001419
0.001747
0.002571
0.050198
0.001752
0.050367
0.001792
0.001817
0.001544
0.055360
0.001049
0.072729
0.001365
0.006786
0.002430
0.002662
0.001898
0.039544
0.073253
0.017807
0.001596
0.063159
0.001319
0.001625
0.099714
0.002515
0.003718
0.001605
0.001051
0.013755
0.053892
0.001685
0.037920
0.000938
0.002730
0.016247
0.014791
0.073770
0.001345
0.072989
0.036941
0.001763
0.001721
0.040243
0.001735
0.027493
0.005885
0.001399
0.001928
0.051296
0.001383
0.001387
0.001633
0.013779
0.000890
0.010672
0.034182
0.000922
0.001444
0.001424
0.043683
0.000938
0.070705
0.056294
0.035972
0.003754
0.061979
0.001394
0.004598
0.001545
0.039078
0.024400
0.001876
0.001261
0.001358
0.003451
0.038761
0.001389
0.061227
0.000998
0.020843
0.001866
0.001660
0.002458
0.001593
0.001498
0.024654
0.053854
0.001840
0.002979
0.001071
0.020338
0.025094
0.001856
0.005662
0.001627
0.002062
0.001482
0.003034
0.063474
0.017719
0.000798
0.000729
0.001822
0.002571
0.001908
0.003325
0.002113
0.000900
0.001087
0.001885
0.006039
0.047285
0.001333
0.001856
0.001591
0.001287
0.006930
0.005774
0.001650
0.002719
0.001063
0.001301
0.040414
0.001474
0.002870
0.000802
0.001118
0.003400
0.000621
0.005710
0.005149
0.000986
0.001843
0.020726
0.003515
0.000501
0.041734
0.001875
0.001093
0.001209
0.004276
0.037853
0.002122
0.053119
0.000940
0.001971
0.001062
0.002826
0.002225
0.003043
0.007108
0.001444
0.009069
0.023660
0.004379
0.067550
0.000964
0.006151
0.000832
0.001555
0.002409
0.021181
0.001607
0.018625
0.038641
0.001697
0.000804
0.007907
0.015592
0.001511
0.004553
0.001778
0.026789
0.000838
0.002871
0.018518
0.000828
0.078549
0.001442
0.002086
0.028272
0.002894
0.007925
0.013929
0.003964
0.023284
0.001484
0.001339
0.001696
0.002972
0.001387
0.001841
0.062411
0.001293
0.002033
0.001061
0.002498
0.008055
0.001152
0.030924
0.027930
0.070866
0.004537
0.001241
0.001235
0.001394
0.002373
0.011970
0.002070
0.024918
0.030131
0.000749
0.001566
0.032663
0.002427
0.001280
0.001490
0.005516
0.025272
0.001038
0.001441
0.046337
0.000844
0.001779
0.001202
0.023179
0.001919
0.051049
0.001343
0.006081
0.005000
0.019921
0.001311
0.000836
0.001629
0.003639
0.001380
0.001287
0.001963
0.002095
0.001437
0.043213
0.001282
0.002132
0.032162
0.002056
0.003561
0.000611
0.001853
0.001576
0.002532
0.008145
0.001407
0.061968
0.001162
0.002323
0.002077
0.001058
0.006366
0.001278
0.002135
0.002050
0.002470
0.032327
0.041663
0.003029
0.003028
0.016047
0.001073
0.000876
0.001671
0.041660
0.001214
0.000516
0.001445
0.014502
0.004102
0.000779
0.000979
0.001219
0.001656
0.013342
0.001365
0.001015
0.004983
0.001589
0.002367
0.087441
0.001322
0.004735
0.002360
0.036932
0.002209
0.066288
0.001586
0.001443
0.026822
0.007213
0.025909
0.000735
0.001504
0.088823
0.027461
0.000970
0.002924
0.003266
0.001415
0.007757
0.054041
0.001772
0.051645
0.023357
0.013158
0.002158
0.001620
0.002924
0.001544
0.001900
0.008117
0.001868
0.007067
0.001355
0.011541
0.002048
0.104006
0.035192
0.002554
0.001090
0.002891
0.002073
0.001443
0.001005
0.056037
0.001002
0.028827
0.006159
0.003791
0.001596
0.040007
0.000672
0.038084
0.001592
0.002306
0.047985
0.001278
0.001635
0.042534
0.001247
0.001183
0.001479
0.002666
0.008537
0.010095
0.027614
0.013896
0.001329
0.004998
0.001315
0.001202
0.001029
0.001580
0.004731
0.001742
0.002136
0.001319
0.035793
0.001688
0.020844
0.061927
0.001211
0.008730
0.000956
0.003849
0.085673
0.002319
0.002081
0.001191
0.014308
0.043872
0.001761
0.001400
0.024969
0.004605
0.000665
0.002908
0.019305
0.035215
0.001007
0.001469
0.001547
0.002016
0.000971
0.004813
0.002514
0.002479
0.045266
0.000948
0.001183
0.001774
0.068098
0.001381
0.016036
0.001112
0.002116
0.043520
0.011166
0.006067
0.002118
0.001475
0.063330
0.001472
0.000768
0.001922
0.002187
0.001751
0.002241
0.003080
0.001323
0.001246
0.006106
0.001903
0.003076
0.002289
0.001723
0.001773
0.024815
0.013578
0.001230
0.001511
0.009548
0.001375
0.003736
0.035664
0.020729
0.001439
0.018498
0.031113
0.002009
0.002982
0.001804
0.001030
0.031947
0.001820
0.032535
0.002181
0.008519
0.034669
0.028853
0.024081
0.001105
0.003330
0.004462
0.001540
0.003864
0.001882
0.002621
0.014191
0.002602
0.001509
0.064469
0.047828
0.001025
0.001460
0.011970
0.001728
0.001161
0.045742
0.016602
0.001113
0.001432
0.001065
0.010924
0.001355
0.001205
0.002154
0.036103
0.002306
0.000721
0.001232
0.001960
0.001393
0.028532
0.033361
0.013487
0.002090
0.047093
0.000578
0.002946
0.036561
0.001992
0.025339
0.002015
0.001434
0.014760
0.001324
0.001727
0.002803
0.002475
0.002085
0.016191
0.001345
0.054524
0.033804
0.064936
0.005655
0.029422
0.000797
0.001399
0.006940
0.021337
0.000713
0.001828
0.001232
0.022006
0.001241
0.036766
0.001257
0.030122
0.001405
0.002020
0.001246
0.001812
0.002369
0.001980
0.001309
0.010835
0.020286
0.001509
0.027197
0.065076
0.079952
0.001236
0.001554
0.002197
0.044598
0.002212
0.001428
0.007698
0.014808
0.020918
0.001557
0.029850
0.001806
0.036289
0.002001
0.001008
0.005733
0.019074
0.001203
0.001145
0.003789
0.001723
0.019218
0.027947
0.001017
0.001997
0.001338
0.001518
0.002849
0.010186
0.024099
0.010253
0.037944
0.003809
0.001165
0.034977
0.002412
0.001399
0.032401
0.007358
0.009402
0.000790
0.000839
0.001264
0.001227
0.002311
0.001026
0.019552
0.001890
0.000774
0.003799
0.001304
0.001499
0.084235
0.001640
0.002023
0.002418
0.031281
0.001209
0.003897
0.001877
0.002216
0.017389
0.001372
0.017973
0.052758
0.001278
0.001823
0.003841
0.001201
0.002025
0.001267
0.030047
0.001517
0.002154
0.002013
0.003092
0.002127
0.054949
0.001381
0.075714
0.007178
0.008524
0.001058
0.033045
0.009146
0.002142
0.002950
0.052348
0.001277
0.006573
0.016552
0.003277
0.007798
0.001736
0.064221
0.112248
0.001618
0.049362
0.016744
0.001259
0.001384
0.001753
0.042097
0.000826
0.006321
0.031468
0.002703
0.002011
0.062948
0.002251
0.006152
0.001676
0.002212
0.066684
0.001350
0.000326
0.002111
0.002307
0.002466
0.002215
0.002173
0.029030
0.032207
0.001246
0.001144
0.011075
0.005724
0.001527
0.000879
0.001511
0.001076
0.001196
0.006658
0.011625
0.022390
0.001437
0.001277
0.009564
0.067369
0.003368
0.026015
0.001833
0.001286
0.002477
0.054257
0.002357
0.001240
0.039714
0.029397
0.036555
0.002952
0.001288
0.052795
0.036305
0.051707
0.032870
0.002370
0.014872
0.003737
0.000904
0.030707
0.002316
0.001310
0.000690
0.001699
0.001125
0.001604
0.044375
0.001518
0.001580
0.061087
0.001047
0.001423
0.001129
0.002317
0.066359
0.001194
0.001400
0.001419
0.001180
0.027604
0.001236
0.090729
0.006415
0.002338
0.002306
0.001205
0.002299
0.025839
0.001138
0.019576
0.002691
0.036757
0.001923
0.001324
0.001351
0.014197
0.001346
0.001973
0.002089
0.056495
0.002032
0.001801
0.002180
0.001051
0.003665
0.003058
0.001740
0.001634
0.034009
0.001408
0.001565
0.001085
0.056385
0.020476
0.001593
0.002566
0.001490
0.001178
0.002212
0.001106
0.001133
0.001948
0.000969
0.006446
0.000818
0.006059
0.001851
0.001217
0.002048
0.081976
0.065918
0.007765
0.008817
0.002698
0.001537
0.001141
0.055219
0.047249
0.057984
0.002524
0.057341
0.049007
0.059268
0.001734
0.001623
0.001661
0.001144
0.020732
0.001580
0.001031
0.003794
0.040568
0.001408
0.018425
0.002283
0.001602
0.003970
0.002464
0.023264
0.043426
0.006103
0.001542
0.037279
0.025744
0.000815
0.012887
0.042790
0.004710
0.002332
0.001206
0.001939
0.039899
0.004582
0.030886
0.001834
0.034209
0.001444
0.002035
0.001740
0.001349
0.029063
0.001989
0.019972
0.050099
0.001251
0.009561
0.019478
0.001634
0.006311
0.001608
0.001365
0.001847
0.001157
0.001688
0.001590
0.001456
0.001006
0.035578
0.017267
0.015282
0.001124
0.001580
0.002441
0.000667
0.005738
0.006515
0.001786
0.013349
0.000864
0.032838
0.013419
0.000949
0.002885
0.029675
0.002954
0.001218
0.013868
0.001181
0.001239
0.001569
0.000828
0.018421
0.000827
0.001589
0.001540
0.013368
0.001128
0.001368
0.002643
0.001837
0.000824
0.036988
0.001297
0.037817
0.001264
0.002759
0.001357
0.001079
0.003408
0.001498
0.001255
0.004892
0.005169
0.049543
0.002701
0.002059
0.013148
0.001520
0.001194
0.028643
0.001793
0.001258
0.001589
0.040510
0.001194
0.002138
0.001697
0.002299
0.001615
0.004289
0.031841
0.004711
0.001723
0.015937
0.004201
0.001922
0.060842
0.000695
0.003594
0.000615
0.002406
0.001568
0.025901
0.001395
0.001009
0.001799
0.002773
0.000932
0.002060
0.001384
0.002270
0.001162
0.028168
0.012227
0.002709
0.007037
0.002335
0.018266
0.002120
0.031446
0.001508
0.002034
0.001820
0.020880
0.069742
0.002872
0.002275
0.003972
0.001697
0.012621
0.069049
0.001037
0.031006
0.001763
0.002841
0.001637
0.014837
0.001046
0.028735
0.002673
0.043357
0.001221
0.002097
0.041730
0.002041
0.001982
0.001255
0.002342
0.007588
0.001353
0.042191
0.001507
0.001543
0.001486
0.010548
0.000287
0.001837
0.002193
0.013483
0.037464
0.002174
0.001179
0.012591
0.004088
0.014447
0.001954
0.011526
0.000933
0.001830
0.022742
0.015805
0.016341
0.001960
0.001236
0.032503
0.001880
0.001073
0.002770
0.002369
0.001649
0.001651
0.001428
0.016116
0.001466
0.001872
0.008842
0.001656
0.081821
0.001242
0.001458
0.015568
0.001899
0.001924
0.001934
0.002181
0.001854
0.001481
0.030139
0.005989
0.002556
0.072193
0.025674
0.020308
0.004086
0.001182
0.001445
0.001390
0.048455
0.001531
0.029205
0.001367
0.001100
0.020592
0.065677
0.002684
0.002981
0.000961
0.001970
0.020555
0.001592
0.003198
0.001503
0.002975
0.003336
0.002463
0.000435
0.016735
0.002534
0.056941
0.001619
0.000980
0.021595
0.002041
0.002063
0.001623
0.004921
0.005772
0.001102
0.001735
0.029560
0.001814
0.068683
0.017932
0.000703
0.001170
0.001454
0.052873
0.004519
0.000592
0.002301
0.001826
0.061000
0.043807
0.006300
0.004184
0.001454
0.001816
0.001283
0.001342
0.002501
0.001226
0.001950
0.003439
0.001258
0.002529
0.001196
0.042613
0.001793
0.046110
0.040773
0.028456
0.053606
0.001452
0.000572
0.002249
0.003669
0.051129
0.001474
0.012940
0.001552
0.028324
0.003616
0.002134
0.002707
0.037249
0.000797
0.001600
0.001558
0.012191
0.010142
0.028936
0.029293
0.015945
0.000949
0.041933
0.006883
0.041534
0.001091
0.056935
0.025089
0.001770
0.001254
0.001214
0.001936
0.001913
0.001188
0.002270
0.005628
0.001904
0.000982
0.002269
0.018337
0.001865
0.001524
0.002016
0.003035
0.035282
0.002096
0.001508
0.023244
0.036909
0.001898
0.002243
0.001762
0.030474
0.002350
0.002040
0.034159
0.001429
0.001730
0.001991
0.065699
0.001663
0.000813
0.002389
0.001555
0.001513
0.001787
0.001484
0.001430
0.002151
0.001122
0.001699
0.001393
0.000925
0.002194
0.001308
0.001688
0.008294
0.002750
0.009582
0.001058
0.001599
0.001273
0.001363
0.051175
0.044703
0.031130
0.076688
0.002453
0.048773
0.034236
0.057247
0.019556
0.030707
0.036230
0.000299
0.002556
0.004497
0.001467
0.024726
