15969.509766
20569.105469
25975.972656
8730.742188
29976.652344
15127.006836
13396.339844
10879.550781
216166.984375
10946.408203
13789.285156
273548.562500
15209.846680
10472.433594
5700.359375
168540.781250
4450.086914
6088.411621
160666.062500
8873.800781
7371.321289
6610.424805
7639.787109
4167.320312
4398.187012
1218.848389
3801.258789
6430.867188
53783.437500
5561.549805
3816.554199
859.109741
5687.750000
3127.334717
3695.855225
3219.048340
108665.796875
2231.850098
58.158173
910.015869
1560.906616
186.784180
1075.872314
1581.087891
511.721375
734.322144
28.007832
133.774261
159.715820
110464.234375
46529.511719
0.269652
0.695423
258.564941
631.249084
64.306099
125997.046875
10103.494141
783.596375
0.404664
594.011597
97293.375000
0.322026
404.118774
56.518356
0.089929
1.907421
0.090986
0.086678
0.114432
0.097961
0.086502
38.867702
43288.089844
0.092665
1.269915
0.102188
0.095546
0.282367
105.340576
2.765318
0.097081
0.120641
0.092331
539.168945
0.160451
330.041077
0.258155
104.011192
3760.364746
0.095857
0.222266
54016.031250
0.145623
6.877779
0.161744
0.226352
0.211726
0.266693
0.104493
0.172295
52.170990
58863.914062
0.129845
0.216720
0.165259
3556.735107
0.119940
0.123296
0.129461
0.123229
0.310196
0.142570
0.117336
0.127876
0.191076
0.187408
0.118012
0.132957
0.116312
0.225621
0.160907
224.758911
0.133224
0.300396
0.126286
0.164778
0.122668
0.157230
0.321673
139.355743
0.186459
0.193807
0.138665
0.173526
7.804803
0.282852
30254.140625
0.139197
0.131818
0.144013
20089.128906
0.142440
0.352006
0.137591
0.158634
0.301381
27853.628906
0.164825
0.141544
0.392452
0.432167
0.159582
0.224782
0.158316
0.206444
0.159849
0.152385
0.191303
0.161103
0.214284
0.153695
0.164640
0.180493
16627.984375
0.157394
0.167323
0.174419
0.233008
0.192382
0.354606
0.152786
4514.998047
0.168930
0.169879
0.198403
0.172400
0.276266
0.163771
0.221881
0.318433
0.342237
0.187002
0.373363
0.169020
0.217525
0.234234
23534.630859
0.251491
0.172584
0.516819
0.214592
0.357600
0.194613
0.181395
0.203304
0.187414
0.320430
0.179510
0.204291
0.195398
0.276178
0.218417
9908.906250
0.199123
0.214410
0.207014
0.208556
0.225856
0.195289
0.198362
0.300493
0.196030
0.461610
0.265079
0.605564
0.192538
0.368826
0.391750
0.278223
0.342425
0.222070
7467.597656
0.222231
0.467875
0.481488
0.249444
0.234937
0.213965
0.331975
0.553787
0.227629
0.208891
0.575700
0.241769
0.480649
0.404303
0.212303
0.236543
0.585019
0.399838
0.668180
0.238948
0.255891
0.264598
0.229118
0.379833
0.361673
0.232692
0.475227
5826.618652
0.278132
0.474189
0.264510
0.243717
0.289574
0.272807
0.240253
0.242414
0.278794
0.248404
0.319343
0.268006
0.268886
0.594679
0.274243
0.262350
0.302167
0.300775
0.260123
0.363604
0.339895
0.499274
0.275467
0.263820
0.291709
0.370147
0.319854
0.280974
0.521637
0.359154
0.290876
0.406099
0.276159
0.322156
0.483975
0.898216
0.521428
0.275228
0.589431
0.549145
0.269098
0.285164
0.285714
0.585086
0.635759
0.277145
0.679534
0.290103
0.344593
0.324099
0.264629
0.269260
0.301815
0.557200
0.321972
0.284683
0.272325
0.273320
0.285974
0.547312
0.281751
0.301684
0.456775
0.515857
0.274859
0.567470
0.572456
0.309732
0.270463
0.344263
0.266834
0.272819
0.629485
0.305765
0.297584
0.282507
0.457686
0.468438
0.270884
0.265515
0.258647
0.281243
0.294818
0.260874
0.581719
0.337727
0.274119
0.275773
0.274071
0.255371
0.573468
0.322855
0.441927
0.369909
0.258757
0.258352
0.351139
0.284722
0.247835
0.286149
0.838681
0.290804
0.274757
0.255066
0.237305
0.320035
0.441421
0.646615
0.276666
0.419600
0.221439
0.310406
0.254514
0.255415
0.233227
0.220656
3.885763
0.234259
0.236656
0.596871
0.237116
0.232402
0.274649
0.278092
0.247252
0.223679
0.260078
0.416928
0.217705
0.281681
0.212935
0.254179
0.276010
0.224376
0.440618
0.233496
0.219997
0.215644
0.574837
0.427107
0.244944
0.228854
0.489558
0.222148
0.204833
0.205937
0.203792
0.213407
0.185805
0.185829
0.211710
0.244913
0.376783
0.216356
0.198004
0.211605
0.180190
0.178706
0.189612
0.188725
0.854650
0.325024
0.197854
0.184056
0.198025
0.182167
0.221659
0.192844
0.193984
0.191418
0.338229
0.325317
0.182830
0.449606
0.366542
0.228485
0.174961
0.214691
0.208671
0.185445
0.164138
0.166703
0.218969
0.271329
0.210391
0.156018
0.178454
0.156745
0.303066
0.205393
0.154945
0.155578
0.423525
0.168132
0.162224
0.256207
0.157277
0.151757
0.612468
0.274708
0.234779
0.142113
0.165881
0.168793
0.148932
0.202824
0.149030
0.142211
0.170729
0.183134
0.138468
0.145179
0.154760
0.141676
0.132149
0.425280
0.156298
0.224934
0.131477
0.282521
0.122061
0.186794
0.133079
0.144046
0.128872
0.197634
0.298743
0.297291
0.206132
0.130840
0.323052
0.122650
0.231966
0.287841
0.349121
0.254641
0.201952
0.265139
0.173014
0.107497
0.124934
0.296407
0.122531
0.106041
0.165067
0.149080
0.117082
0.099837
0.102926
