795.973328
789.383423
781.953308
582.001404
801.712830
528.971191
683.484802
648.234009
574.521912
730.042175
628.885193
536.738281
352.667419
526.698181
486.332611
674.666748
629.321899
698.925293
594.504333
565.327576
443.181244
454.002045
408.385742
611.831421
443.075989
331.446014
469.019592
528.538086
481.662567
384.033630
587.071350
624.061157
619.406006
426.925171
521.421143
395.215179
439.066772
459.721436
564.497559
487.257507
527.949341
383.948059
383.716187
359.743835
264.248077
414.632812
321.991791
554.601440
387.973816
442.295013
358.614075
373.648285
473.502625
286.246887
204.137848
491.692017
397.032532
599.635193
324.054413
478.226501
278.750763
319.098145
367.551575
248.447311
313.563904
273.359955
317.460938
205.344391
178.818848
350.204834
179.486572
253.312241
194.482590
357.108398
286.794586
333.252991
209.119110
176.726318
229.238281
246.613525
181.676575
284.414551
201.597275
186.496704
158.600296
219.259949
97.595055
215.705536
180.971527
177.539490
117.702415
129.124939
89.777359
182.850998
126.590012
107.201157
62.189785
64.556831
147.146088
109.829010
137.028214
108.008171
134.362732
63.332684
106.157349
77.809334
68.725494
86.668045
65.142120
70.580788
40.266884
54.794464
77.777908
33.261425
52.923965
31.258444
53.013084
31.203480
13.701473
7.782295
3.317083
8.172606
7.189054
12.856440
34.146523
26.871998
35.828712
35.038795
3.499913
4.495308
6.178506
4.073264
4.725130
2.221303
2.596493
36.878208
23.776859
28.803999
0.697727
33.204056
1.971386
2.207063
31.874561
3.954075
17.220184
3.887824
6.167613
4.376776
5.477836
2.943096
18.336121
15.271830
3.092363
4.058163
5.116236
25.154287
8.888699
15.034485
3.292336
12.948195
2.534801
2.334697
12.620769
1.958892
7.974298
6.109758
7.388818
6.490496
1.932636
0.960622
1.271485
3.949424
1.108091
1.328616
0.728019
0.766574
1.676025
5.200102
0.511002
1.314057
0.835182
2.032091
2.203404
0.809976
0.334293
0.943632
0.267276
2.700243
0.487923
0.407303
0.067336
0.247788
0.068529
0.282392
0.236125
0.103174
0.519780
0.035058
0.071229
