0.001591
0.002185
0.005054
0.005339
0.002811
0.004267
0.003282
0.041410
0.003411
0.003281
0.006221
0.004641
0.137651
0.005271
0.003791
0.002372
0.002847
0.001672
0.004738
0.079427
0.003091
0.067646
0.003483
0.001745
0.056363
0.002275
0.030280
0.002773
0.003241
0.003212
0.009016
0.000819
0.074811
0.007766
0.005188
0.008301
0.005195
0.003551
0.126354
0.065927
0.124470
0.136907
0.005556
0.002843
0.130078
0.002451
0.002990
0.004673
0.003075
0.083930
0.005289
0.027807
0.008833
0.023521
0.004328
0.042378
0.007028
0.020024
0.003835
0.003515
0.016319
0.016257
0.004987
0.016169
0.002587
0.096809
0.013823
0.064971
0.004575
0.002821
0.039388
0.065405
0.098055
0.048593
0.005459
0.004249
0.004802
0.006347
0.013198
0.003485
0.003036
0.003057
0.100326
0.003414
0.083309
0.004923
0.003912
0.132752
0.003930
0.106225
0.060639
0.034445
0.067594
0.002481
0.027239
0.003050
0.002970
0.031363
0.007629
0.002431
0.006929
0.005922
0.001274
0.002860
0.002083
0.003534
0.002361
0.071797
0.008220
0.003412
0.003772
0.004000
0.003091
0.001275
0.079493
0.008487
0.004612
0.002110
0.034130
0.002454
0.001985
0.003549
0.006699
0.001711
0.003584
0.001540
0.004752
0.003337
0.123494
0.045160
0.003046
0.002627
0.063225
0.000789
0.031688
0.016052
0.004642
0.002571
0.003209
0.042186
0.002575
0.007135
0.003347
0.002590
0.072007
0.002668
0.003038
0.003643
0.002176
0.014223
0.001739
0.004006
0.006295
0.002616
0.063509
0.003290
0.003116
0.008251
0.002393
0.131369
0.015815
0.004419
0.003582
0.002285
0.002892
0.012468
0.175318
0.002294
0.083982
0.003727
0.001641
0.063581
0.059401
0.002134
0.005954
0.002014
0.001907
0.012725
0.003334
0.099626
0.032172
0.003046
0.002833
0.001910
0.051115
0.004106
0.004598
0.011459
0.002522
0.015972
0.041596
0.017251
0.026720
0.009456
0.023521
0.077374
0.002572
0.046981
0.005871
0.061116
0.003636
0.053527
0.003603
0.004582
0.002568
0.003390
0.002876
0.006007
0.022003
0.070204
0.003776
0.002493
0.010533
0.003451
0.002883
0.056866
0.001299
0.004039
0.011801
0.003430
0.003357
0.018011
0.004523
0.006946
0.016789
0.002987
0.010057
0.002331
0.004054
0.002113
0.018865
0.004374
0.002762
0.004548
0.003159
0.007326
0.001978
0.067557
0.001847
0.032379
0.004193
0.003174
0.004379
0.002913
0.002614
0.052536
0.001998
0.005000
0.002983
0.004703
0.032650
0.088271
0.006930
0.006161
0.004431
0.001895
0.008442
0.001692
0.003037
0.001630
0.003835
0.002733
0.004549
0.008031
0.003217
0.120586
0.059512
0.011605
0.003725
0.014772
0.007059
0.000590
0.002591
0.002102
0.006751
0.011360
0.070198
0.001854
0.066621
0.001512
0.115557
0.176701
0.013842
0.022607
0.002432
0.086222
0.004037
0.002934
0.147765
0.003163
0.002862
0.032091
0.002111
0.001407
0.002730
0.004354
0.129525
0.002891
0.002562
0.003229
0.001705
0.008253
0.020838
0.044384
0.001853
0.003415
0.001944
0.002999
0.003573
0.001920
0.004206
0.007162
0.006129
0.003326
0.002674
0.008412
0.104034
0.038706
0.062625
0.005987
0.002166
0.003308
0.004347
0.126326
0.002716
0.068123
0.009702
0.011989
0.022054
0.002235
0.003205
0.003636
0.007045
0.002717
0.000876
0.009593
0.003421
0.008300
0.001745
0.007397
0.002984
0.013784
0.004888
0.061091
0.008891
0.065946
0.003376
0.004752
0.004015
0.020983
0.005007
0.019724
0.000767
0.023702
0.003002
0.019576
0.002374
0.001440
0.004097
0.003256
0.007063
0.013312
0.097799
0.004260
0.051836
0.009042
0.008305
0.002385
0.002221
0.003589
0.004541
0.062322
0.003042
0.011648
0.002261
0.134473
0.004424
0.002108
0.003309
0.081701
0.001213
0.004107
0.003939
0.004626
0.001025
0.006822
0.050666
0.059991
0.002999
0.001245
0.002284
0.005613
0.008218
0.004435
0.020512
0.004638
0.005584
0.002729
0.003786
0.037909
0.007618
0.063944
0.005875
0.122731
0.003292
0.173513
0.003293
0.002418
0.002599
0.009911
0.021761
0.002223
0.011753
0.003707
0.004031
0.058173
0.015049
0.001307
0.001730
0.109937
0.015391
0.003313
0.004410
0.003619
0.129542
0.003052
0.076026
0.012708
0.026812
0.002336
0.002556
0.004298
0.001468
0.008230
0.072618
0.003432
0.003075
0.004281
0.005148
0.031066
0.007505
0.020132
0.002768
0.003607
0.002694
0.002663
0.019401
0.003352
0.002288
0.002797
0.005073
0.001809
0.031327
0.023168
0.002233
0.001397
0.003384
0.003863
0.002222
0.015496
0.041815
0.001546
0.001761
0.016478
0.003635
0.006245
0.002375
0.021452
0.002343
0.025687
0.003043
0.135505
0.002588
0.003256
0.003797
0.004374
0.009491
0.088463
0.004544
0.008072
0.048726
0.003850
0.003876
0.119169
0.002692
0.005325
0.030182
0.069321
0.001779
0.026073
0.004902
0.032851
0.028340
0.004207
0.006161
0.004078
0.012349
0.050915
0.005463
0.017999
0.004076
0.001955
0.007515
0.004596
0.003453
0.001584
0.006186
0.130288
0.006021
0.045500
0.009839
0.008082
0.004610
0.000855
0.119034
0.012206
0.001525
0.003584
0.004122
0.010295
0.012648
0.004219
0.005730
0.006029
0.003698
0.003284
0.003395
0.050451
0.001568
0.005991
0.004087
0.004435
0.000827
0.004404
0.059663
0.024556
0.002571
0.002365
0.004760
0.046351
0.025654
0.003796
0.006331
0.001996
0.240074
0.010944
0.001789
0.005314
0.042059
0.003009
0.002489
0.003277
0.116872
0.003271
0.003653
0.004215
0.006798
0.114093
0.005982
0.003799
0.000941
0.113587
0.003882
0.074318
0.005569
0.002342
0.001688
0.005226
0.009821
0.039332
0.003126
0.010846
0.043016
0.005195
0.002875
0.003349
0.001925
0.006788
0.001451
0.083588
0.040900
0.007801
0.001997
0.006502
0.002209
0.064604
0.009988
0.114886
0.001447
0.001430
0.004012
0.041699
0.004049
0.001670
0.073128
0.049730
0.002634
0.003187
0.003803
0.004912
0.005373
0.001778
0.006420
0.007695
0.002007
0.003186
0.002416
0.033181
0.005859
0.002934
0.001406
0.004648
0.001754
0.002386
0.006848
0.003559
0.002470
0.002102
0.007868
0.002415
0.060362
0.038031
0.011636
0.001567
0.177020
0.008103
0.021431
0.002724
0.006698
0.046571
0.001833
0.004113
0.010641
0.003595
0.005292
0.003956
0.003794
0.001994
0.004732
0.002225
0.002760
0.045198
0.003123
0.006599
0.004783
0.058381
0.006034
0.113624
0.114507
0.006416
0.004159
0.003272
0.002599
0.020112
0.002589
0.003980
0.003405
0.003632
0.107828
0.002282
0.109151
0.095734
0.002106
0.002137
0.003497
0.100022
0.004319
0.013244
0.003158
0.105081
0.002114
0.004696
0.009523
0.026812
0.065511
0.012312
0.003205
0.054649
0.086247
0.070390
0.178871
0.009051
0.067982
0.002200
0.027153
0.055959
0.011664
0.036853
0.003637
0.002548
0.004086
0.002386
0.002310
0.002773
0.008412
0.027431
0.003796
0.002421
0.145823
0.003299
0.003572
0.002274
0.002256
0.122190
0.005567
0.002691
0.004582
0.002168
0.003762
0.002126
0.003524
0.012605
0.015826
0.001617
0.022979
0.000842
0.025094
0.004344
0.043090
0.023028
0.008664
0.002183
0.003516
0.006158
0.084315
0.003187
0.001628
0.001483
0.007872
0.020109
0.103733
0.034409
0.004183
0.004674
0.011204
0.037581
0.009545
0.005794
0.117010
0.015267
0.005103
0.002459
0.072040
0.002819
0.138315
0.006522
0.091220
0.002258
0.001661
0.079583
0.002657
0.002153
0.054806
0.002327
0.123467
0.148915
0.004100
0.003471
0.002907
0.033485
0.004241
0.002485
0.023890
0.002203
0.002246
0.001714
0.002206
0.002344
0.009512
0.003458
0.112634
0.001640
0.004583
0.003666
0.004213
0.001448
0.047202
0.003282
0.062137
0.003425
0.005276
0.006876
0.155569
0.037773
0.004306
0.003084
0.040644
0.035356
0.046164
0.009646
0.044575
0.002173
0.003490
0.000925
0.001021
0.001924
0.001823
0.014601
0.045907
0.004001
0.014846
0.005994
0.002211
0.005962
0.003834
0.011974
0.002237
0.002257
0.003617
0.086845
0.009112
0.002361
0.001871
0.001283
0.009685
0.008068
0.001723
0.001784
0.004373
0.001363
0.003007
0.002270
0.078077
0.002219
0.014653
0.002692
0.005059
0.005948
0.077500
0.001699
0.002974
0.007790
0.007653
0.002756
0.004770
0.037449
0.001667
0.003658
0.062133
0.102142
0.002081
0.083127
0.002999
0.001679
0.004749
0.037333
0.001048
0.089974
0.001366
0.002885
0.115845
0.008606
0.003302
0.004990
0.002862
0.002464
0.002207
0.055602
0.013719
0.004758
0.002103
0.003181
0.002864
0.021208
0.007946
0.002335
0.002846
0.002451
0.005269
0.002882
0.003970
0.029581
0.002748
0.073307
0.029719
0.003268
0.067469
0.014802
0.004988
0.065487
0.131172
0.061732
0.044330
0.010172
0.042122
0.053151
0.007209
0.003731
0.004160
0.001142
0.003123
0.023445
0.008698
0.002019
0.002940
0.006927
0.018983
0.031109
0.083469
0.004767
0.002474
0.023692
0.003257
0.003743
0.098860
0.009637
0.001661
0.002399
0.062771
0.001426
0.047357
0.003274
0.002792
0.082829
0.000955
0.001173
0.081211
0.001822
0.008293
0.048430
0.000935
0.045042
0.187904
0.003026
0.081252
0.018440
0.129523
0.002515
0.003655
0.003133
0.001872
0.002608
0.004833
0.007276
0.064113
0.021615
0.002863
0.007411
0.002868
0.005962
0.001798
0.010413
0.066022
0.002243
0.002848
0.035089
0.004791
0.083424
0.002508
0.003722
0.057324
0.004661
0.003382
0.001755
0.001504
0.004418
0.002681
0.145763
0.005430
0.026155
0.003069
0.002662
0.002736
0.004123
0.111908
0.005921
0.134031
0.066888
0.001502
0.003772
0.001828
0.003427
0.005283
0.067068
0.002080
0.004721
0.002461
0.061700
0.001210
0.001357
0.002204
0.002219
0.002884
0.002739
0.004149
0.001869
0.002172
0.001657
0.004384
0.002243
0.009932
0.012006
0.127052
0.003116
0.002519
0.041578
0.002485
0.014943
0.050751
0.010497
0.002930
0.055218
0.007062
0.005980
0.002681
0.019856
0.043354
0.005540
0.006247
0.002293
0.005589
0.020711
0.105366
0.049122
0.015413
0.072070
0.003959
0.071349
0.003801
0.006842
0.002959
0.008749
0.020319
0.030901
0.003545
0.002419
0.081413
0.003826
0.017850
0.002243
0.002880
0.002679
0.044560
0.082899
0.001722
0.002748
0.003998
0.001509
0.003150
0.048008
0.003558
0.002631
0.009677
0.001616
0.002326
0.003811
0.066118
0.003466
0.003643
0.002464
0.001703
0.002174
0.168182
0.004196
0.012037
0.007867
0.006509
0.039498
0.022975
0.001582
0.002206
0.004786
0.064658
0.036687
0.008224
0.004418
0.009920
0.003360
0.098828
0.002476
0.008198
0.004061
0.008127
0.092201
0.003104
0.047897
0.002186
0.004684
0.038314
0.017229
0.002423
0.003663
0.079518
0.076974
0.001575
0.004144
0.004642
0.053770
0.016337
0.002454
0.010951
0.005878
0.002411
0.023663
0.002231
0.014854
0.006695
0.005685
0.025243
0.048501
0.004957
0.003004
0.002876
0.050965
0.003483
0.102548
0.099396
0.010311
0.006285
0.003324
0.001146
0.002592
0.002871
0.046934
0.002322
0.002642
0.090168
0.006480
0.027834
0.021587
0.001433
0.080660
0.001633
0.040899
0.002285
0.016213
0.024010
0.002059
0.001983
0.150915
0.004671
0.017603
0.002749
0.002371
0.004833
0.003399
0.021579
0.001405
0.116882
0.002382
0.005310
0.047078
0.006509
0.002202
0.020250
0.032281
0.001370
0.051074
0.008368
0.013568
0.002225
0.005493
0.116476
0.002472
0.006602
0.003090
0.002428
0.141238
0.002450
0.050770
0.002102
0.001824
0.003457
0.042301
0.006313
0.007073
0.009118
0.002921
0.064671
0.090188
0.002789
0.018055
0.001922
0.002772
0.012077
0.001792
0.043807
0.001560
0.006459
0.001973
0.001365
0.002352
0.001756
0.005102
0.009825
0.005174
0.035051
0.049135
0.013044
0.000889
0.007678
0.004029
0.052311
0.002670
0.001758
0.002072
0.101004
0.079464
0.017478
0.007065
0.006050
0.004207
0.002208
0.001640
0.003662
0.003606
0.003438
0.119508
0.005824
0.074557
0.002568
0.002562
0.015948
0.003089
0.003280
0.122752
0.002438
0.067047
0.154049
0.020961
0.002756
0.030503
0.001613
0.108845
0.005443
0.131691
0.122984
0.002881
0.003543
0.002983
0.002511
0.091927
0.002799
0.003233
0.029381
0.007878
0.007538
0.080349
0.005938
0.100271
0.002465
0.003125
0.001703
0.097014
0.003813
0.039731
0.003316
0.003206
0.016456
0.062934
0.007769
0.002479
0.001675
0.072864
0.002439
0.002394
0.013183
0.014706
0.001838
0.014698
0.002038
0.034970
0.070753
0.020037
0.002220
0.000988
0.013859
0.010013
0.001712
0.006255
0.004040
0.035599
0.003537
0.003815
0.020538
0.002314
0.003223
0.003115
0.002035
0.103698
0.073897
0.002242
0.011585
0.063988
0.003398
0.028553
0.018364
0.013837
0.001748
0.103279
0.055599
0.008109
0.002616
0.012802
0.012108
0.005017
0.018284
0.037518
0.001124
0.008739
0.003964
0.070166
0.012779
0.003672
0.003176
0.001678
0.007355
0.001614
0.054646
0.004506
0.081531
0.001640
0.011634
0.001958
0.008921
0.004570
0.005349
0.084702
0.004365
0.094977
0.001526
0.001823
0.001565
0.003167
0.005606
0.133654
0.002910
0.003849
0.059159
0.002717
0.042678
0.007935
0.013043
0.002873
0.006354
0.002157
0.001963
0.004279
0.004341
0.043682
0.003498
0.007775
0.005998
0.005097
0.042987
0.142918
0.002779
0.004209
0.006647
0.002566
0.012762
0.020620
0.125285
0.002274
0.003894
0.052997
0.025753
0.002683
0.001913
0.002430
0.004571
0.027167
0.001631
0.003721
0.004376
0.014050
0.083381
0.078971
0.002833
0.139587
0.001967
0.002516
0.002888
0.004520
0.073180
0.004112
0.002961
0.008948
0.039014
0.009463
0.068326
0.065543
0.003296
0.014711
0.004513
0.037126
0.022053
0.078868
0.004386
0.003225
0.001681
0.070357
0.003602
0.001170
0.008323
0.002791
0.005321
0.035841
0.010615
0.004879
0.002200
0.004662
0.090994
0.014369
0.001379
0.017428
0.003268
0.002054
0.001300
0.002229
0.003156
0.002311
0.003915
0.115333
0.002403
0.006365
0.023926
0.008567
0.003324
0.001942
0.001589
0.001402
0.002582
0.005006
0.011388
0.068427
0.002685
0.002724
0.003340
0.006080
0.004631
0.002109
0.003429
0.007070
0.002245
0.006180
0.017628
0.022829
0.002484
0.007628
0.003704
0.000855
0.003301
0.052329
0.003203
0.044336
0.001538
0.003319
0.074510
0.005351
0.003275
0.004449
0.001932
0.062759
0.047794
0.002105
0.081781
0.017024
0.009029
0.003547
0.006621
0.002316
0.002127
0.002067
0.002547
0.002422
0.008965
0.172571
0.002106
0.004541
0.010038
0.002123
0.099522
0.003680
0.011682
0.075922
0.004527
0.002064
0.004190
0.002123
0.003109
0.002321
0.003308
0.011934
0.003463
0.003690
0.001876
0.021047
0.005839
0.001704
0.002342
0.005687
0.072271
0.008910
0.001743
0.003506
0.003337
0.010696
0.007356
0.003858
0.003107
0.117440
0.004526
0.003156
0.002245
0.009067
0.002581
0.004421
0.002507
0.102664
0.002535
0.002990
0.001653
0.099340
0.007935
0.004272
0.013747
0.017226
0.002718
0.004358
0.003298
0.007963
0.085682
0.005785
0.008415
0.003818
0.001363
0.041759
0.003573
0.002320
0.006101
0.137329
0.067631
0.002581
0.003396
0.003688
0.003399
0.146572
0.004764
0.002577
0.145728
0.019455
0.004634
0.024788
0.003161
0.002213
0.004078
0.002490
0.002696
0.006014
0.001872
0.002280
0.006339
0.001767
0.051261
0.003976
0.005324
0.003893
0.007196
0.039222
0.006919
0.007534
0.068727
0.005025
0.001356
0.002186
0.020524
0.009585
0.006079
0.137244
0.002561
0.005248
0.002300
0.009068
0.001884
0.073278
0.002721
0.045570
0.002374
0.010307
0.018412
0.043498
0.006926
0.002559
0.004300
0.076017
0.002975
0.082445
0.057388
0.004556
0.066519
0.066889
0.062810
0.006586
0.005253
0.006173
0.007134
0.124094
0.004118
0.005688
0.005189
0.002247
0.017623
0.005087
0.086514
0.001868
0.002809
0.009714
0.003250
0.051148
0.004801
0.002496
0.004714
0.004175
0.004054
0.001496
0.003220
0.002597
0.001686
0.002029
0.003143
0.058773
0.069214
0.050830
0.001652
0.072163
0.010115
0.054306
0.002507
0.004605
0.003170
0.001402
0.003889
0.001680
0.003097
0.015661
0.075178
0.001537
0.004724
0.115950
0.002885
0.002020
0.045536
0.001347
0.007739
0.001796
0.044325
0.041129
0.001655
0.002267
0.018666
0.051172
0.004061
0.005760
0.003575
0.001498
0.002426
0.016129
0.092126
0.006374
0.004408
0.002504
0.004499
0.003581
0.004094
0.018445
0.004313
0.017921
0.001072
0.137390
0.001759
0.005259
0.003944
0.129390
0.062070
0.068199
0.005052
0.006244
0.028640
0.017454
0.055540
0.010395
0.008022
0.006182
0.273034
0.004207
0.008718
0.045960
0.009164
0.001827
0.001379
0.002438
0.003958
0.017171
0.007562
0.002023
0.004506
0.044575
0.018200
0.011608
0.003501
0.117740
0.032330
0.058298
0.009847
0.001462
0.008640
0.002559
0.001962
